     56.8000000     10.1800000   -118.0748291
     56.8500000     10.1800000   -114.9763718
     56.9000000     10.1800000   -114.6359634
     56.9500000     10.1800000   -114.6460419
     57.0000000     10.1800000   -116.3467865
     57.0500000     10.1800000   -117.4424591
     57.1000000     10.1800000   -117.0095825
     57.1500000     10.1800000   -115.8732071
     57.2000000     10.1800000   -116.9382324
     57.2500000     10.1800000   -114.6049728
     57.3000000     10.1800000   -115.2210083
     57.3500000     10.1800000   -115.4117889
     57.4000000     10.1800000   -117.1361008
     57.4500000     10.1800000   -114.5904007
     57.5000000     10.1800000   -118.2611160
     57.5500000     10.1800000   -119.6588440
     56.8000000     10.2300000   -114.0392227
     56.8500000     10.2300000   -114.9132080
     56.9000000     10.2300000   -114.4019928
     56.9500000     10.2300000   -114.6488190
     57.0000000     10.2300000   -115.1021957
     57.0500000     10.2300000   -114.4751282
     57.1000000     10.2300000   -116.8923187
     57.1500000     10.2300000   -117.2436981
     57.2000000     10.2300000   -116.5634842
     57.2500000     10.2300000   -118.6512299
     57.3000000     10.2300000   -116.1945114
     57.3500000     10.2300000   -114.4732819
     57.4000000     10.2300000   -116.4059601
     57.4500000     10.2300000   -118.1780701
     57.5000000     10.2300000   -115.1379013
     57.5500000     10.2300000   -113.2825851
     56.8000000     10.2800000   -114.6417694
     56.8500000     10.2800000   -115.6609268
     56.9000000     10.2800000   -115.9677353
     56.9500000     10.2800000   -113.5519180
     57.0000000     10.2800000   -116.1974792
     57.0500000     10.2800000   -115.1344986
     57.1000000     10.2800000   -117.7423096
     57.1500000     10.2800000   -117.6486893
     57.2000000     10.2800000   -114.7333221
     57.2500000     10.2800000   -116.0067062
     57.3000000     10.2800000   -117.0156250
     57.3500000     10.2800000   -116.7785873
     57.4000000     10.2800000   -117.1707382
     57.4500000     10.2800000   -116.2985916
     57.5000000     10.2800000   -118.4193344
     57.5500000     10.2800000   -117.2664185
     56.8000000     10.3300000   -118.4405975
     56.8500000     10.3300000   -113.9313278
     56.9000000     10.3300000   -114.4284363
     56.9500000     10.3300000   -115.2707214
     57.0000000     10.3300000   -116.9529114
     57.0500000     10.3300000   -116.0124512
     57.1000000     10.3300000   -115.0531158
     57.1500000     10.3300000   -116.2989655
     57.2000000     10.3300000   -115.1642075
     57.2500000     10.3300000   -115.2518692
     57.3000000     10.3300000   -117.9903870
     57.3500000     10.3300000   -119.4957657
     57.4000000     10.3300000   -116.2501297
     57.4500000     10.3300000   -117.1308594
     57.5000000     10.3300000   -114.6030807
     57.5500000     10.3300000   -116.2157593
     56.8000000     10.3800000   -115.7540588
     56.8500000     10.3800000   -114.9172974
     56.9000000     10.3800000   -114.0464325
     56.9500000     10.3800000   -115.2560806
     57.0000000     10.3800000   -115.8311768
     57.0500000     10.3800000   -113.7940598
     57.1000000     10.3800000   -115.4440842
     57.1500000     10.3800000   -115.3165054
     57.2000000     10.3800000   -117.9972687
     57.2500000     10.3800000   -115.9232025
     57.3000000     10.3800000   -115.9956360
     57.3500000     10.3800000   -116.4490204
     57.4000000     10.3800000   -114.7891693
     57.4500000     10.3800000   -116.7760925
     57.5000000     10.3800000   -117.4354324
     57.5500000     10.3800000   -119.2281494
     56.8000000     10.4300000   -117.1534576
     56.8500000     10.4300000   -116.7691116
     56.9000000     10.4300000   -112.8707962
     56.9500000     10.4300000   -117.8297119
     57.0000000     10.4300000   -116.1541443
     57.0500000     10.4300000   -114.6400909
     57.1000000     10.4300000   -114.5014648
     57.1500000     10.4300000   -115.1680298
     57.2000000     10.4300000   -115.3390656
     57.2500000     10.4300000   -117.3195267
     57.3000000     10.4300000   -115.1981812
     57.3500000     10.4300000   -116.2930145
     57.4000000     10.4300000   -115.6107407
     57.4500000     10.4300000   -116.4302139
     57.5000000     10.4300000   -113.0881042
     57.5500000     10.4300000   -112.0431061
     56.8000000     10.4800000   -114.7282410
     56.8500000     10.4800000   -114.7782440
     56.9000000     10.4800000   -115.9463196
     56.9500000     10.4800000   -116.4014664
     57.0000000     10.4800000   -116.1101227
     57.0500000     10.4800000   -115.7063599
     57.1000000     10.4800000   -115.7439194
     57.1500000     10.4800000   -119.6586990
     57.2000000     10.4800000   -114.2105560
     57.2500000     10.4800000   -116.7386856
     57.3000000     10.4800000   -116.9295197
     57.3500000     10.4800000   -116.6545868
     57.4000000     10.4800000   -115.3765945
     57.4500000     10.4800000   -114.4221497
     57.5000000     10.4800000   -117.8827209
     57.5500000     10.4800000   -120.2724915
     56.8000000     10.5300000   -117.7892990
     56.8500000     10.5300000   -118.1110840
     56.9000000     10.5300000   -117.6405334
     56.9500000     10.5300000   -116.1971436
     57.0000000     10.5300000   -116.2992554
     57.0500000     10.5300000   -115.3401871
     57.1000000     10.5300000   -115.3683929
     57.1500000     10.5300000   -116.4588547
     57.2000000     10.5300000   -116.4486237
     57.2500000     10.5300000   -114.6559296
     57.3000000     10.5300000   -114.4468002
     57.3500000     10.5300000   -116.8727951
     57.4000000     10.5300000   -115.7711411
     57.4500000     10.5300000   -114.9697647
     57.5000000     10.5300000   -112.5853424
     57.5500000     10.5300000   -111.1152954
     56.8000000     10.5800000   -114.1533051
     56.8500000     10.5800000   -115.5583191
     56.9000000     10.5800000   -114.3553314
     56.9500000     10.5800000   -116.7608032
     57.0000000     10.5800000   -114.6987076
     57.0500000     10.5800000   -114.0155029
     57.1000000     10.5800000   -117.3556900
     57.1500000     10.5800000    -50.8532562
     57.2000000     10.5800000   -115.8507080
     57.2500000     10.5800000   -114.6787109
     57.3000000     10.5800000   -115.6169510
     57.3500000     10.5800000   -114.8586502
     57.4000000     10.5800000   -114.5833969
     57.4500000     10.5800000   -115.7162018
     57.5000000     10.5800000   -113.2853088
     57.5500000     10.5800000   -112.4460220
     56.8000000     10.6300000   -116.5528717
     56.8500000     10.6300000    -87.6009521
     56.9000000     10.6300000   -116.2731705
     56.9500000     10.6300000   -118.1623077
     57.0000000     10.6300000   -117.0345840
     57.0500000     10.6300000   -116.5849228
     57.1000000     10.6300000   -115.5623245
     57.1500000     10.6300000   -116.2172318
     57.2000000     10.6300000   -116.0100555
     57.2500000     10.6300000   -114.6592255
     57.3000000     10.6300000   -115.5724030
     57.3500000     10.6300000   -114.7808533
     57.4000000     10.6300000   -115.1771927
     57.4500000     10.6300000   -114.7907791
     57.5000000     10.6300000   -116.0509109
     57.5500000     10.6300000   -118.0235062
     56.8000000     10.6800000   -116.3080826
     56.8500000     10.6800000   -115.6189270
     56.9000000     10.6800000   -116.4738770
     56.9500000     10.6800000   -114.4082336
     57.0000000     10.6800000   -117.0163345
     57.0500000     10.6800000   -116.7564316
     57.1000000     10.6800000   -115.0526733
     57.1500000     10.6800000   -117.5216751
     57.2000000     10.6800000   -114.5275269
     57.2500000     10.6800000   -116.0023804
     57.3000000     10.6800000   -113.5973053
     57.3500000     10.6800000   -116.4173584
     57.4000000     10.6800000   -114.8551025
     57.4500000     10.6800000   -114.4581757
     57.5000000     10.6800000   -116.2810364
     57.5500000     10.6800000   -113.5009460
     56.8000000     10.7300000   -115.9557037
     56.8500000     10.7300000   -117.9073029
     56.9000000     10.7300000   -114.2719498
     56.9500000     10.7300000   -116.9922409
     57.0000000     10.7300000   -113.4000320
     57.0500000     10.7300000   -114.7779541
     57.1000000     10.7300000   -115.5856934
     57.1500000     10.7300000   -116.9386597
     57.2000000     10.7300000   -116.2282639
     57.2500000     10.7300000   -117.5355453
     57.3000000     10.7300000   -116.0524597
     57.3500000     10.7300000   -114.6102676
     57.4000000     10.7300000   -118.5770874
     57.4500000     10.7300000   -114.1327057
     57.5000000     10.7300000   -114.9784241
     57.5500000     10.7300000   -113.8994446
     56.8000000     10.7800000   -115.2334137
     56.8500000     10.7800000   -116.0517273
     56.9000000     10.7800000   -115.4531174
     56.9500000     10.7800000   -115.9857483
     57.0000000     10.7800000   -116.7288971
     57.0500000     10.7800000   -115.8020020
     57.1000000     10.7800000   -115.2353363
     57.1500000     10.7800000   -116.5349426
     57.2000000     10.7800000   -117.2837830
     57.2500000     10.7800000   -115.6752625
     57.3000000     10.7800000   -115.0619049
     57.3500000     10.7800000   -116.2402573
     57.4000000     10.7800000   -114.7488022
     57.4500000     10.7800000   -112.7717896
     57.5000000     10.7800000   -117.2484512
     57.5500000     10.7800000   -116.9511871
     56.8000000     10.8300000   -115.7550430
     56.8500000     10.8300000   -116.9944382
     56.9000000     10.8300000   -116.2835541
     56.9500000     10.8300000   -115.9916916
     57.0000000     10.8300000   -118.3335571
     57.0500000     10.8300000   -116.1038589
     57.1000000     10.8300000   -116.8311920
     57.1500000     10.8300000   -114.8907776
     57.2000000     10.8300000   -117.0787201
     57.2500000     10.8300000   -115.5596313
     57.3000000     10.8300000   -116.6298523
     57.3500000     10.8300000   -114.8500519
     57.4000000     10.8300000   -115.6695633
     57.4500000     10.8300000   -117.4040527
     57.5000000     10.8300000   -118.0052185
     57.5500000     10.8300000   -119.0978470
     56.8000000     10.8800000   -117.6379395
     56.8500000     10.8800000   -115.2491379
     56.9000000     10.8800000   -117.1874847
     56.9500000     10.8800000   -116.4720001
     57.0000000     10.8800000   -116.0188599
     57.0500000     10.8800000   -114.9078140
     57.1000000     10.8800000   -116.4628601
     57.1500000     10.8800000   -114.5509033
     57.2000000     10.8800000   -114.5168839
     57.2500000     10.8800000   -115.7807770
     57.3000000     10.8800000   -114.7793503
     57.3500000     10.8800000   -115.6259613
     57.4000000     10.8800000   -116.3670502
     57.4500000     10.8800000   -123.5346680
     57.5000000     10.8800000   -116.2016754
     57.5500000     10.8800000   -114.4593048
     56.8000000     10.9300000   -116.1616898
     56.8500000     10.9300000   -115.6656570
     56.9000000     10.9300000   -115.8922501
     56.9500000     10.9300000   -109.6309433
     57.0000000     10.9300000   -114.3802567
     57.0500000     10.9300000   -115.3537979
     57.1000000     10.9300000   -116.8132858
     57.1500000     10.9300000   -115.1394653
     57.2000000     10.9300000   -114.8266602
     57.2500000     10.9300000   -114.4552917
     57.3000000     10.9300000   -114.6238480
     57.3500000     10.9300000   -116.1568985
     57.4000000     10.9300000   -117.7346344
     57.4500000     10.9300000   -116.1650314
     57.5000000     10.9300000   -117.5968399
     57.5500000     10.9300000   -118.7969742
