   56.800000    10.180000  -116.038418
   56.850000    10.180000  -115.518950
   56.900000    10.180000  -114.967195
   56.950000    10.180000  -114.424091
   57.000000    10.180000  -116.071190
   57.050000    10.180000  -117.131427
   57.100000    10.180000  -116.642243
   57.150000    10.180000  -116.568225
   57.200000    10.180000  -116.242215
   57.250000    10.180000  -115.983726
   57.300000    10.180000  -115.473593
   57.350000    10.180000  -115.030888
   57.400000    10.180000  -115.679543
   57.450000    10.180000  -116.035768
   57.500000    10.180000  -117.495864
   57.550000    10.180000  -118.660179
   56.800000    10.230000  -115.743111
   56.850000    10.230000  -115.424331
   56.900000    10.230000  -114.974356
   56.950000    10.230000  -114.559535
   57.000000    10.230000  -115.761226
   57.050000    10.230000  -116.529775
   57.100000    10.230000  -116.552657
   57.150000    10.230000  -116.775339
   57.200000    10.230000  -116.224292
   57.250000    10.230000  -115.880566
   57.300000    10.230000  -116.076813
   57.350000    10.230000  -116.128374
   57.400000    10.230000  -116.273674
   57.450000    10.230000  -116.393856
   57.500000    10.230000  -117.048314
   57.550000    10.230000  -117.559613
   56.800000    10.280000  -115.265360
   56.850000    10.280000  -115.300315
   56.900000    10.280000  -114.893359
   56.950000    10.280000  -114.604813
   57.000000    10.280000  -115.380628
   57.050000    10.280000  -115.871248
   57.100000    10.280000  -116.663937
   57.150000    10.280000  -117.375688
   57.200000    10.280000  -116.228755
   57.250000    10.280000  -115.579855
   57.300000    10.280000  -117.008662
   57.350000    10.280000  -117.880749
   57.400000    10.280000  -117.268488
   57.450000    10.280000  -117.053958
   57.500000    10.280000  -116.490716
   57.550000    10.280000  -116.020911
   56.800000    10.330000  -115.468495
   56.850000    10.330000  -115.286012
   56.900000    10.330000  -115.141374
   56.950000    10.330000  -114.986596
   57.000000    10.330000  -115.263642
   57.050000    10.330000  -115.424981
   57.100000    10.330000  -116.025573
   57.150000    10.330000  -116.508467
   57.200000    10.330000  -116.149674
   57.250000    10.330000  -116.016410
   57.300000    10.330000  -116.714048
   57.350000    10.330000  -117.189046
   57.400000    10.330000  -116.767932
   57.450000    10.330000  -116.586930
   57.500000    10.330000  -116.343821
   57.550000    10.330000  -116.117353
   56.800000    10.380000  -115.677972
   56.850000    10.380000  -115.108738
   56.900000    10.380000  -115.310959
   56.950000    10.380000  -115.306468
   57.000000    10.380000  -114.967193
   57.050000    10.380000  -114.717624
   57.100000    10.380000  -114.908758
   57.150000    10.380000  -114.981806
   57.200000    10.380000  -116.041569
   57.250000    10.380000  -116.836942
   57.300000    10.380000  -116.336914
   57.350000    10.380000  -116.183987
   57.400000    10.380000  -116.199079
   57.450000    10.380000  -116.169151
   57.500000    10.380000  -116.253152
   57.550000    10.380000  -116.306626
   56.800000    10.430000  -115.863780
   56.850000    10.430000  -115.539679
   56.900000    10.430000  -115.773251
   56.950000    10.430000  -115.857395
   57.000000    10.430000  -115.340511
   57.050000    10.430000  -114.984671
   57.100000    10.430000  -115.577543
   57.150000    10.430000  -115.916207
   57.200000    10.430000  -116.041781
   57.250000    10.430000  -116.224453
   57.300000    10.430000  -116.267748
   57.350000    10.430000  -116.348390
   57.400000    10.430000  -115.885109
   57.450000    10.430000  -115.567572
   57.500000    10.430000  -115.952644
   57.550000    10.430000  -116.149452
   56.800000    10.480000  -117.049606
   56.850000    10.480000  -117.359619
   56.900000    10.480000  -116.761434
   56.950000    10.480000  -116.406601
   57.000000    10.480000  -115.432213
   57.050000    10.480000  -114.623834
   57.100000    10.480000  -119.231895
   57.150000    10.480000  -122.388625
   57.200000    10.480000  -117.466023
   57.250000    10.480000  -114.708271
   57.300000    10.480000  -116.375103
   57.350000    10.480000  -116.856372
   57.400000    10.480000  -115.519674
   57.450000    10.480000  -114.670098
   57.500000    10.480000  -115.821633
   57.550000    10.480000  -116.436973
   56.800000    10.530000  -114.503315
   56.850000    10.530000  -113.995744
   56.900000    10.530000  -115.786967
   56.950000    10.530000  -116.962229
   57.000000    10.530000  -116.574917
   57.050000    10.530000  -116.606296
   57.100000    10.530000  -111.743957
   57.150000    10.530000  -108.192886
   57.200000    10.530000  -113.575717
   57.250000    10.530000  -116.564716
   57.300000    10.530000  -115.823676
   57.350000    10.530000  -116.082097
   57.400000    10.530000  -115.346308
   57.450000    10.530000  -114.876916
   57.500000    10.530000  -115.058046
   57.550000    10.530000  -115.064869
   56.800000    10.580000  -110.433372
   56.850000    10.580000  -108.652519
   56.900000    10.580000  -114.335465
   56.950000    10.580000  -118.018492
   57.000000    10.580000  -118.619964
   57.050000    10.580000  -120.047136
   57.100000    10.580000   -98.425541
   57.150000    10.580000   -82.979845
   57.200000    10.580000  -106.650698
   57.250000    10.580000  -119.840303
   57.300000    10.580000  -114.973397
   57.350000    10.580000  -114.944719
   57.400000    10.580000  -115.073873
   57.450000    10.580000  -115.160737
   57.500000    10.580000  -113.840603
   57.550000    10.580000  -112.897474
   56.800000    10.630000  -112.049774
   56.850000    10.630000  -110.696328
   56.900000    10.630000  -114.664277
   56.950000    10.630000  -117.206363
   57.000000    10.630000  -117.297425
   57.050000    10.630000  -118.045237
   57.100000    10.630000  -106.866766
   57.150000    10.630000   -98.883934
   57.200000    10.630000  -111.051381
   57.250000    10.630000  -117.819578
   57.300000    10.630000  -115.238447
   57.350000    10.630000  -115.162461
   57.400000    10.630000  -115.171167
   57.450000    10.630000  -115.157180
   57.500000    10.630000  -114.316969
   57.550000    10.630000  -113.698144
   56.800000    10.680000  -113.939863
   56.850000    10.680000  -112.996252
   56.900000    10.680000  -114.928196
   56.950000    10.680000  -116.089637
   57.000000    10.680000  -115.386834
   57.050000    10.680000  -115.183553
   57.100000    10.680000  -118.818414
   57.150000    10.680000  -121.424848
   57.200000    10.680000  -117.197898
   57.250000    10.680000  -114.801948
   57.300000    10.680000  -115.534408
   57.350000    10.680000  -115.428614
   57.400000    10.680000  -115.315648
   57.450000    10.680000  -115.204604
   57.500000    10.680000  -114.655807
   57.550000    10.680000  -114.224306
   56.800000    10.730000  -114.808542
   56.850000    10.730000  -114.340345
   56.900000    10.730000  -115.434303
   56.950000    10.730000  -116.109682
   57.000000    10.730000  -115.670885
   57.050000    10.730000  -115.530631
   57.100000    10.730000  -117.668987
   57.150000    10.730000  -119.196791
   57.200000    10.730000  -116.828877
   57.250000    10.730000  -115.504818
   57.300000    10.730000  -115.715005
   57.350000    10.730000  -115.514092
   57.400000    10.730000  -115.284022
   57.450000    10.730000  -115.061765
   57.500000    10.730000  -115.507905
   57.550000    10.730000  -115.774949
   56.800000    10.780000  -115.902427
   56.850000    10.780000  -116.142041
   56.900000    10.780000  -116.227524
   56.950000    10.780000  -116.354307
   57.000000    10.780000  -116.158518
   57.050000    10.780000  -116.049162
   57.100000    10.780000  -116.221839
   57.150000    10.780000  -116.318945
   57.200000    10.780000  -116.543579
   57.250000    10.780000  -116.734043
   57.300000    10.780000  -116.120897
   57.350000    10.780000  -115.723077
   57.400000    10.780000  -114.731997
   57.450000    10.780000  -113.899881
   57.500000    10.780000  -116.530230
   57.550000    10.780000  -118.232815
   56.800000    10.830000  -116.155829
   56.850000    10.830000  -116.235940
   56.900000    10.830000  -115.949218
   56.950000    10.830000  -115.760789
   57.000000    10.830000  -115.886375
   57.050000    10.830000  -115.927821
   57.100000    10.830000  -115.885801
   57.150000    10.830000  -115.866145
   57.200000    10.830000  -115.945825
   57.250000    10.830000  -115.998887
   57.300000    10.830000  -115.685978
   57.350000    10.830000  -115.471131
   57.400000    10.830000  -116.122131
   57.450000    10.830000  -116.541128
   57.500000    10.830000  -116.917261
   57.550000    10.830000  -117.304879
   56.800000    10.880000  -116.529312
   56.850000    10.880000  -116.357723
   56.900000    10.880000  -115.818535
   56.950000    10.880000  -115.377845
   57.000000    10.880000  -115.670257
   57.050000    10.880000  -115.766234
   57.100000    10.880000  -115.414237
   57.150000    10.880000  -115.182274
   57.200000    10.880000  -115.165059
   57.250000    10.880000  -115.090303
   57.300000    10.880000  -115.055177
   57.350000    10.880000  -115.009431
   57.400000    10.880000  -118.201471
   57.450000    10.880000  -120.525949
   57.500000    10.880000  -117.412167
   57.550000    10.880000  -115.755563
   56.800000    10.930000  -116.454646
   56.850000    10.930000  -116.375444
   56.900000    10.930000  -115.136916
   56.950000    10.930000  -114.209027
   57.000000    10.930000  -115.245052
   57.050000    10.930000  -115.754848
   57.100000    10.930000  -115.448462
   57.150000    10.930000  -115.360771
   57.200000    10.930000  -115.067298
   57.250000    10.930000  -114.828963
   57.300000    10.930000  -115.155419
   57.350000    10.930000  -115.330540
   57.400000    10.930000  -117.708657
   57.450000    10.930000  -119.496482
   57.500000    10.930000  -117.504476
   57.550000    10.930000  -116.525273
