   56.800000    10.180000    -1.308705
   56.850000    10.180000     0.568217
   56.900000    10.180000     0.524840
   56.950000    10.180000    -0.302092
   57.000000    10.180000     0.078114
   57.050000    10.180000     0.141274
   57.100000    10.180000    -0.379019
   57.150000    10.180000     0.548255
   57.200000    10.180000    -0.945619
   57.250000    10.180000     0.491600
   57.300000    10.180000     0.360265
   57.350000    10.180000     0.272651
   57.400000    10.180000    -1.313419
   57.450000    10.180000     0.832064
   57.500000    10.180000    -0.143644
   57.550000    10.180000     0.228001
   56.800000    10.230000    -0.835772
   56.850000    10.230000     0.446693
   56.900000    10.230000     0.162857
   56.950000    10.230000     0.050404
   57.000000    10.230000    -0.348133
   57.050000    10.230000     0.330622
   57.100000    10.230000    -0.356604
   57.150000    10.230000     0.220270
   57.200000    10.230000    -0.025659
   57.250000    10.230000     0.048542
   57.300000    10.230000     0.004382
   57.350000    10.230000     0.225611
   57.400000    10.230000    -0.611656
   57.450000    10.230000     0.415305
   57.500000    10.230000    -0.156264
   57.550000    10.230000     0.131186
   56.800000    10.280000    -0.038963
   56.850000    10.280000     0.342841
   56.900000    10.280000    -0.749277
   56.950000    10.280000     0.772960
   57.000000    10.280000    -0.920972
   57.050000    10.280000     0.604986
   57.100000    10.280000    -0.441214
   57.150000    10.280000    -0.290628
   57.200000    10.280000     1.620576
   57.250000    10.280000    -0.718365
   57.300000    10.280000    -0.636820
   57.350000    10.280000     0.301479
   57.400000    10.280000     0.227313
   57.450000    10.280000    -0.034136
   57.500000    10.280000    -0.339095
   57.550000    10.280000     0.040352
   56.800000    10.330000    -0.450877
   56.850000    10.330000     0.173040
   56.900000    10.330000     0.391779
   56.950000    10.330000     0.114433
   57.000000    10.330000    -0.946725
   57.050000    10.330000     0.562069
   57.100000    10.330000    -0.126400
   57.150000    10.330000    -0.118887
   57.200000    10.330000     0.556321
   57.250000    10.330000    -0.276651
   57.300000    10.330000    -0.213199
   57.350000    10.330000    -0.081354
   57.400000    10.330000     0.554224
   57.450000    10.330000    -0.361606
   57.500000    10.330000     0.113311
   57.550000    10.330000    -0.072805
   56.800000    10.380000    -1.208841
   56.850000    10.380000    -0.053061
   56.900000    10.380000     2.272051
   56.950000    10.380000    -0.919142
   57.000000    10.380000    -1.096317
   57.050000    10.380000     0.639106
   57.100000    10.380000     0.167980
   57.150000    10.380000     0.330687
   57.200000    10.380000    -1.287721
   57.250000    10.380000     0.534107
   57.300000    10.380000     0.381018
   57.350000    10.380000    -0.693380
   57.400000    10.380000     1.210667
   57.450000    10.380000    -0.963164
   57.500000    10.380000     0.830834
   57.550000    10.380000    -0.268672
   56.800000    10.430000    -0.675324
   56.850000    10.430000    -0.069050
   56.900000    10.430000     1.393531
   56.950000    10.430000    -0.553022
   57.000000    10.430000    -0.783736
   57.050000    10.430000     0.268467
   57.100000    10.430000     0.538622
   57.150000    10.430000    -0.256623
   57.200000    10.430000    -0.221558
   57.250000    10.430000    -0.032422
   57.300000    10.430000     0.338560
   57.350000    10.430000    -0.450045
   57.400000    10.430000     0.637280
   57.450000    10.430000    -0.541810
   57.500000    10.430000     0.558927
   57.550000    10.430000    -0.155863
   56.800000    10.480000     0.881589
   56.850000    10.480000    -0.640810
   56.900000    10.480000     0.398975
   56.950000    10.480000    -0.161081
   57.000000    10.480000    -0.882297
   57.050000    10.480000    -1.080429
   57.100000    10.480000     3.992429
   57.150000    10.480000    -3.361688
   57.200000    10.480000     2.904540
   57.250000    10.480000    -1.799532
   57.300000    10.480000     0.373224
   57.350000    10.480000    -0.146026
   57.400000    10.480000    -0.210698
   57.450000    10.480000     0.084027
   57.500000    10.480000     0.163827
   57.550000    10.480000     0.040584
   56.800000    10.530000    -1.380862
   56.850000    10.530000     0.861598
   56.900000    10.530000    -0.162532
   56.950000    10.530000     0.134496
   57.000000    10.530000     0.553542
   57.050000    10.530000     1.221581
   57.100000    10.530000    -4.060292
   57.150000    10.530000     2.929635
   57.200000    10.530000    -1.657142
   57.250000    10.530000     0.913986
   57.300000    10.530000     0.120065
   57.350000    10.530000    -0.068481
   57.400000    10.530000    -0.033889
   57.450000    10.530000    -0.053277
   57.500000    10.530000     0.228489
   57.550000    10.530000    -0.075107
   56.800000    10.580000    -4.893370
   56.850000    10.580000     3.168496
   56.900000    10.580000    -0.958674
   56.950000    10.580000     0.558703
   57.000000    10.580000     3.067713
   57.050000    10.580000     5.347130
   57.100000    10.580000   -18.419431
   57.150000    10.580000    14.109862
   57.200000    10.580000    -9.669068
   57.250000    10.580000     5.718013
   57.300000    10.580000    -0.456769
   57.350000    10.580000     0.085218
   57.400000    10.580000     0.409986
   57.450000    10.580000    -0.443714
   57.500000    10.580000     0.577239
   57.550000    10.580000    -0.338316
   56.800000    10.630000    -3.740603
   56.850000    10.630000     2.472997
   56.900000    10.630000    -0.879147
   56.950000    10.630000     0.502854
   57.000000    10.630000     1.557491
   57.050000    10.630000     2.667135
   57.100000    10.630000    -9.242697
   57.150000    10.630000     7.044448
   57.200000    10.630000    -4.804511
   57.250000    10.630000     2.720156
   57.300000    10.630000     0.174371
   57.350000    10.630000    -0.045296
   57.400000    10.630000    -0.142844
   57.450000    10.630000     0.110554
   57.500000    10.630000    -0.134242
   57.550000    10.630000    -0.050985
   56.800000    10.680000    -2.666138
   56.850000    10.680000     1.898815
   56.900000    10.680000    -1.034061
   56.950000    10.680000     0.532922
   57.000000    10.680000    -0.476489
   57.050000    10.680000    -1.239612
   57.100000    10.680000     3.850539
   57.150000    10.680000    -3.121929
   57.200000    10.680000     2.355682
   57.250000    10.680000    -1.729903
   57.300000    10.680000     1.212804
   57.350000    10.680000    -0.290104
   57.400000    10.680000    -0.985607
   57.450000    10.680000     0.943862
   57.500000    10.680000    -1.205411
   57.550000    10.680000     0.335050
   56.800000    10.730000    -1.299448
   56.850000    10.730000     0.871871
   56.900000    10.730000    -0.314029
   56.950000    10.730000     0.242346
   57.000000    10.730000    -0.555777
   57.050000    10.730000    -0.568058
   57.100000    10.730000     2.327193
   57.150000    10.730000    -1.715354
   57.200000    10.730000     0.948440
   57.250000    10.730000    -0.760270
   57.300000    10.730000     0.731201
   57.350000    10.730000    -0.108357
   57.400000    10.730000    -0.746325
   57.450000    10.730000     0.735776
   57.500000    10.730000    -0.934208
   57.550000    10.730000     0.352715
   56.800000    10.780000     0.772624
   56.850000    10.780000    -0.768988
   56.900000    10.780000     1.010159
   56.950000    10.780000    -0.337695
   57.000000    10.780000    -0.740502
   57.050000    10.780000     0.304481
   57.100000    10.780000     0.534096
   57.150000    10.780000     0.129689
   57.200000    10.780000    -1.216864
   57.250000    10.780000     0.723924
   57.300000    10.780000     0.068769
   57.350000    10.780000     0.257232
   57.400000    10.780000    -0.706592
   57.450000    10.780000     0.695571
   57.500000    10.780000    -0.772647
   57.550000    10.780000     0.520940
   56.800000    10.830000     0.212176
   56.850000    10.830000    -0.118683
   56.900000    10.830000     0.079609
   56.950000    10.830000     0.162561
   57.000000    10.830000    -0.531728
   57.050000    10.830000     0.426933
   57.100000    10.830000    -0.252273
   57.150000    10.830000     0.338352
   57.200000    10.830000    -0.553042
   57.250000    10.830000     0.287750
   57.300000    10.830000     0.081202
   57.350000    10.830000    -0.063288
   57.400000    10.830000     0.077871
   57.450000    10.830000     0.028828
   57.500000    10.830000    -0.201899
   57.550000    10.830000     0.127264
   56.800000    10.880000    -0.622097
   56.850000    10.880000     0.757119
   56.900000    10.880000    -1.041714
   56.950000    10.880000     0.768095
   57.000000    10.880000    -0.268653
   57.050000    10.880000     0.611996
   57.100000    10.880000    -1.344044
   57.150000    10.880000     0.625426
   57.200000    10.880000     0.384725
   57.250000    10.880000    -0.306862
   57.300000    10.880000     0.000924
   57.350000    10.880000    -0.546173
   57.400000    10.880000     1.425220
   57.450000    10.880000    -1.058517
   57.500000    10.880000     0.613489
   57.550000    10.880000    -0.460774
   56.800000    10.930000    -0.434442
   56.850000    10.930000     0.791356
   56.900000    10.930000    -1.451066
   56.950000    10.930000     0.980726
   57.000000    10.930000    -0.208232
   57.050000    10.930000     0.563390
   57.100000    10.930000    -1.296040
   57.150000    10.930000     0.619869
   57.200000    10.930000     0.300115
   57.250000    10.930000    -0.310173
   57.300000    10.930000     0.266647
   57.350000    10.930000    -0.423101
   57.400000    10.930000     0.671848
   57.450000    10.930000    -0.576155
   57.500000    10.930000     0.515872
   57.550000    10.930000    -0.323440
