   56.800000    10.180000    -0.381103
   56.850000    10.180000    -0.255858
   56.900000    10.180000    -0.118439
   56.950000    10.180000     0.015718
   57.000000    10.180000    -0.283730
   57.050000    10.180000    -0.466994
   57.100000    10.180000    -0.093178
   57.150000    10.180000     0.131370
   57.200000    10.180000     0.461416
   57.250000    10.180000     0.763193
   57.300000    10.180000    -0.136074
   57.350000    10.180000    -0.713523
   57.400000    10.180000     0.064588
   57.450000    10.180000     0.479477
   57.500000    10.180000    -0.630663
   57.550000    10.180000    -1.332172
   56.800000    10.230000     1.280360
   56.850000    10.230000     0.811488
   56.900000    10.230000     0.351993
   56.950000    10.230000    -0.110014
   57.000000    10.230000     0.995046
   57.050000    10.230000     1.680211
   57.100000    10.230000     0.321110
   57.150000    10.230000    -0.490232
   57.200000    10.230000    -1.375929
   57.250000    10.230000    -2.241703
   57.300000    10.230000     0.128267
   57.350000    10.230000     1.631223
   57.400000    10.230000    -0.469500
   57.450000    10.230000    -1.604620
   57.500000    10.230000     2.099697
   57.550000    10.230000     4.507291
   56.800000    10.280000    -0.080576
   56.850000    10.280000    -0.374588
   56.900000    10.280000    -0.044326
   56.950000    10.280000     0.118663
   57.000000    10.280000     0.026147
   57.050000    10.280000     0.002094
   57.100000    10.280000    -0.169810
   57.150000    10.280000    -0.302097
   57.200000    10.280000     0.026313
   57.250000    10.280000     0.231280
   57.300000    10.280000     0.456559
   57.350000    10.280000     0.676395
   57.400000    10.280000     0.385941
   57.450000    10.280000     0.232218
   57.500000    10.280000    -0.838665
   57.550000    10.280000    -1.663795
   56.800000    10.330000    -0.556772
   56.850000    10.330000     0.203636
   56.900000    10.330000    -0.118322
   56.950000    10.330000    -0.150261
   57.000000    10.330000    -0.583116
   57.050000    10.330000    -0.908547
   57.100000    10.330000     0.120125
   57.150000    10.330000     0.785966
   57.200000    10.330000     0.716632
   57.250000    10.330000     0.844287
   57.300000    10.330000    -0.886773
   57.350000    10.330000    -2.119792
   57.400000    10.330000    -0.433267
   57.450000    10.330000     0.470969
   57.500000    10.330000     0.309151
   57.550000    10.330000     0.432982
   56.800000    10.380000     0.482013
   56.850000    10.380000     0.168199
   56.900000    10.380000     0.253787
   56.950000    10.380000     0.232356
   57.000000    10.380000     0.210707
   57.050000    10.380000     0.189117
   57.100000    10.380000    -0.466454
   57.150000    10.380000    -0.952150
   57.200000    10.380000    -0.278974
   57.250000    10.380000     0.083683
   57.300000    10.380000     0.147539
   57.350000    10.380000     0.291459
   57.400000    10.380000     0.213958
   57.450000    10.380000     0.195786
   57.500000    10.380000    -1.638524
   57.550000    10.380000    -2.986201
   56.800000    10.430000    -0.598063
   56.850000    10.430000    -0.486208
   56.900000    10.430000    -0.396536
   56.950000    10.430000    -0.300921
   57.000000    10.430000    -0.087324
   57.050000    10.430000     0.094660
   57.100000    10.430000     0.706672
   57.150000    10.430000     1.203458
   57.200000    10.430000     0.157658
   57.250000    10.430000    -0.474807
   57.300000    10.430000     0.278342
   57.350000    10.430000     0.660218
   57.400000    10.430000    -0.066093
   57.450000    10.430000    -0.495467
   57.500000    10.430000     2.469809
   57.550000    10.430000     4.525491
   56.800000    10.480000     2.269916
   56.850000    10.480000     2.551418
   56.900000    10.480000     0.962580
   56.950000    10.480000    -0.125102
   57.000000    10.480000    -0.301965
   57.050000    10.480000    -0.722881
   57.100000    10.480000     2.215497
   57.150000    10.480000     4.253755
   57.200000    10.480000     0.978315
   57.250000    10.480000    -0.873323
   57.300000    10.480000    -0.109800
   57.350000    10.480000    -0.047008
   57.400000    10.480000     0.127961
   57.450000    10.480000     0.272872
   57.500000    10.480000    -2.295798
   57.550000    10.480000    -4.137367
   56.800000    10.530000    -3.524893
   56.850000    10.530000    -4.148467
   56.900000    10.530000    -1.415202
   56.950000    10.530000     0.418600
   57.000000    10.530000     0.620005
   57.050000    10.530000     1.258809
   57.100000    10.530000    -4.290307
   57.150000    10.530000    -8.181374
   57.200000    10.530000    -1.842412
   57.250000    10.530000     1.755422
   57.300000    10.530000     0.100533
   57.350000    10.530000    -0.146892
   57.400000    10.530000    -0.133631
   57.450000    10.530000    -0.190220
   57.500000    10.530000     2.391156
   57.550000    10.530000     4.265692
   56.800000    10.580000    -4.257812
   56.850000    10.580000    -6.175284
   56.900000    10.580000    -1.184019
   56.950000    10.580000     1.956055
   57.000000    10.580000    -0.449981
   57.050000    10.580000    -1.369941
   57.100000    10.580000     6.917784
   57.150000    10.580000    12.738317
   57.200000    10.580000     3.226893
   57.250000    10.580000    -2.176345
   57.300000    10.580000    -0.090487
   57.350000    10.580000    -0.011327
   57.400000    10.580000    -0.090885
   57.450000    10.580000    -0.127914
   57.500000    10.580000     0.364568
   57.550000    10.580000     0.715168
   56.800000    10.630000     9.618878
   56.850000    10.630000    13.304867
   56.900000    10.630000     2.965502
   56.950000    10.630000    -3.615781
   57.000000    10.630000     0.410733
   57.050000    10.630000     1.594897
   57.100000    10.630000    -9.397174
   57.150000    10.630000   -17.126633
   57.200000    10.630000    -4.471938
   57.250000    10.630000     2.720840
   57.300000    10.630000     0.080650
   57.350000    10.630000     0.075196
   57.400000    10.630000     0.253722
   57.450000    10.630000     0.382951
   57.500000    10.630000    -2.356347
   57.550000    10.630000    -4.327026
   56.800000    10.680000    -2.171871
   56.850000    10.680000    -3.097870
   56.900000    10.680000    -0.633877
   56.950000    10.680000     0.921770
   57.000000    10.680000    -0.740139
   57.050000    10.680000    -1.539907
   57.100000    10.680000     2.424043
   57.150000    10.680000     5.111559
   57.200000    10.680000     1.717863
   57.250000    10.680000    -0.046377
   57.300000    10.680000     0.245576
   57.350000    10.680000    -0.013426
   57.400000    10.680000     0.213634
   57.450000    10.680000     0.310454
   57.500000    10.680000     0.214407
   57.550000    10.680000     0.170038
   56.800000    10.730000    -1.843223
   56.850000    10.730000    -2.463805
   56.900000    10.730000    -0.595644
   56.950000    10.730000     0.605661
   57.000000    10.730000     0.970765
   57.050000    10.730000     1.559928
   57.100000    10.730000     2.016292
   57.150000    10.730000     2.508240
   57.200000    10.730000    -0.035349
   57.250000    10.730000    -1.765569
   57.300000    10.730000    -0.487026
   57.350000    10.730000    -0.014678
   57.400000    10.730000    -0.512130
   57.450000    10.730000    -0.749725
   57.500000    10.730000     0.819907
   57.550000    10.730000     1.905294
   56.800000    10.780000     0.296798
   56.850000    10.780000     0.413693
   56.900000    10.780000     0.369913
   56.950000    10.780000     0.369185
   57.000000    10.780000     0.204215
   57.050000    10.780000     0.083253
   57.100000    10.780000     0.036962
   57.150000    10.780000    -0.029337
   57.200000    10.780000     0.400455
   57.250000    10.780000     0.697320
   57.300000    10.780000     0.152342
   57.350000    10.780000    -0.167065
   57.400000    10.780000     0.278086
   57.450000    10.780000     0.518375
   57.500000    10.780000     0.535402
   57.550000    10.780000     0.612251
   56.800000    10.830000    -0.240578
   56.850000    10.830000    -0.403153
   56.900000    10.830000    -0.534115
   56.950000    10.830000    -0.673548
   57.000000    10.830000    -1.002564
   57.050000    10.830000    -1.280781
   57.100000    10.830000    -0.350265
   57.150000    10.830000     0.256372
   57.200000    10.830000    -0.216903
   57.250000    10.830000    -0.400816
   57.300000    10.830000     0.027968
   57.350000    10.830000     0.292580
   57.400000    10.830000    -0.186736
   57.450000    10.830000    -0.466718
   57.500000    10.830000    -1.250413
   57.550000    10.830000    -1.899139
   56.800000    10.880000     0.021661
   56.850000    10.880000     0.240318
   56.900000    10.880000    -0.801938
   56.950000    10.880000    -1.506333
   57.000000    10.880000    -0.283244
   57.050000    10.880000     0.423378
   57.100000    10.880000     0.176024
   57.150000    10.880000     0.184287
   57.200000    10.880000    -0.001917
   57.250000    10.880000    -0.136013
   57.300000    10.880000     0.174326
   57.350000    10.880000     0.365579
   57.400000    10.880000    -0.643940
   57.450000    10.880000    -1.331713
   57.500000    10.880000     0.659660
   57.550000    10.880000     1.933157
   56.800000    10.930000     0.153662
   56.850000    10.930000    -0.118291
   56.900000    10.930000     1.735999
   56.950000    10.930000     3.020564
   57.000000    10.930000     1.010603
   57.050000    10.930000    -0.116592
   57.100000    10.930000    -0.132420
   57.150000    10.930000    -0.446038
   57.200000    10.930000     0.211286
   57.250000    10.930000     0.608447
   57.300000    10.930000    -0.274102
   57.350000    10.930000    -0.813754
   57.400000    10.930000     1.276514
   57.450000    10.930000     2.662097
   57.500000    10.930000    -0.418785
   57.550000    10.930000    -2.302881
