   56.800000    10.180000    -0.346604
   56.850000    10.180000     0.230220
   56.900000    10.180000    -0.075170
   56.950000    10.180000     0.064423
   57.000000    10.180000    -0.069980
   57.050000    10.180000     0.014688
   57.100000    10.180000     0.104857
   57.150000    10.180000     0.015393
   57.200000    10.180000    -0.211813
   57.250000    10.180000     0.123960
   57.300000    10.180000     0.028394
   57.350000    10.180000     0.059970
   57.400000    10.180000    -0.207727
   57.450000    10.180000     0.133827
   57.500000    10.180000     0.009055
   57.550000    10.180000     0.105506
   56.800000    10.230000     1.259299
   56.850000    10.230000    -0.747058
   56.900000    10.230000     0.057513
   56.950000    10.230000    -0.029674
   57.000000    10.230000     0.012118
   57.050000    10.230000     0.043813
   57.100000    10.230000    -0.304168
   57.150000    10.230000    -0.198397
   57.200000    10.230000     1.062396
   57.250000    10.230000    -0.577504
   57.300000    10.230000    -0.250348
   57.350000    10.230000    -0.201742
   57.400000    10.230000     0.948870
   57.450000    10.230000    -0.594899
   57.500000    10.230000    -0.033021
   57.550000    10.230000    -0.361449
   56.800000    10.280000     0.743130
   56.850000    10.280000    -0.328864
   56.900000    10.280000    -0.280774
   56.950000    10.280000     0.161272
   57.000000    10.280000     0.077973
   57.050000    10.280000     0.129669
   57.100000    10.280000    -0.467348
   57.150000    10.280000     0.319724
   57.200000    10.280000    -0.151456
   57.250000    10.280000     0.060235
   57.300000    10.280000     0.173298
   57.350000    10.280000     0.124287
   57.400000    10.280000    -0.515503
   57.450000    10.280000     0.557284
   57.500000    10.280000    -0.750859
   57.550000    10.280000     0.377935
   56.800000    10.330000    -1.964454
   56.850000    10.330000     0.978008
   56.900000    10.330000     0.439481
   56.950000    10.330000    -0.248297
   57.000000    10.330000    -0.159428
   57.050000    10.330000    -0.240992
   57.100000    10.330000     0.978732
   57.150000    10.330000    -0.457578
   57.200000    10.330000    -0.287486
   57.250000    10.330000     0.196905
   57.300000    10.330000    -0.176367
   57.350000    10.330000    -0.105574
   57.400000    10.330000     0.396845
   57.450000    10.330000    -0.653293
   57.500000    10.330000     1.318278
   57.550000    10.330000    -0.458582
   56.800000    10.380000     0.650742
   56.850000    10.380000     0.076303
   56.900000    10.380000    -1.261312
   56.950000    10.380000     0.737174
   57.000000    10.380000     0.021626
   57.050000    10.380000     0.095341
   57.100000    10.380000    -0.236852
   57.150000    10.380000     0.286764
   57.200000    10.380000    -0.389004
   57.250000    10.380000     0.295950
   57.300000    10.380000    -0.187279
   57.350000    10.380000     0.136888
   57.400000    10.380000    -0.014715
   57.450000    10.380000     0.160436
   57.500000    10.380000    -0.374591
   57.550000    10.380000     0.333350
   56.800000    10.430000    -0.016290
   56.850000    10.430000    -0.674175
   56.900000    10.430000     1.905461
   56.950000    10.430000    -1.118375
   57.000000    10.430000     0.057427
   57.050000    10.430000    -0.018546
   57.100000    10.430000    -0.169216
   57.150000    10.430000    -0.198657
   57.200000    10.430000     0.766616
   57.250000    10.430000    -0.587844
   57.300000    10.430000     0.452665
   57.350000    10.430000    -0.154798
   57.400000    10.430000    -0.296818
   57.450000    10.430000     0.174635
   57.500000    10.430000    -0.164197
   57.550000    10.430000    -0.263283
   56.800000    10.480000    -0.830140
   56.850000    10.480000     0.670767
   56.900000    10.480000    -0.546440
   56.950000    10.480000     0.291317
   57.000000    10.480000     0.506352
   57.050000    10.480000     0.720784
   57.100000    10.480000    -2.719951
   57.150000    10.480000     1.837859
   57.200000    10.480000    -0.627388
   57.250000    10.480000     0.642441
   57.300000    10.480000    -0.817840
   57.350000    10.480000     0.394818
   57.400000    10.480000     0.225816
   57.450000    10.480000    -0.108951
   57.500000    10.480000     0.070884
   57.550000    10.480000     0.261264
   56.800000    10.530000     1.619771
   56.850000    10.530000    -0.828471
   56.900000    10.530000    -0.275832
   56.950000    10.530000     0.211989
   57.000000    10.530000    -0.897884
   57.050000    10.530000    -1.214281
   57.100000    10.530000     4.726163
   57.150000    10.530000    -3.014230
   57.200000    10.530000     0.626648
   57.250000    10.530000    -0.760622
   57.300000    10.530000     1.156277
   57.350000    10.530000    -0.575324
   57.400000    10.530000    -0.257314
   57.450000    10.530000     0.150648
   57.500000    10.530000    -0.146942
   57.550000    10.530000    -0.241011
   56.800000    10.580000     5.431249
   56.850000    10.580000    -3.899012
   56.900000    10.580000     2.122827
   56.950000    10.580000    -1.257069
   57.000000    10.580000     1.303524
   57.050000    10.580000     2.054444
   57.100000    10.580000    -7.428501
   57.150000    10.580000     5.278410
   57.200000    10.580000    -2.757836
   57.250000    10.580000     1.619924
   57.300000    10.580000    -0.096298
   57.350000    10.580000     0.012178
   57.400000    10.580000     0.171375
   57.450000    10.580000     0.016163
   57.500000    10.580000    -0.386512
   57.550000    10.580000     0.074599
   56.800000    10.630000   -10.381372
   56.850000    10.630000     7.317513
   56.900000    10.630000    -3.695248
   56.950000    10.630000     2.156981
   57.000000    10.630000    -1.705384
   57.050000    10.630000    -2.801718
   57.100000    10.630000     9.944313
   57.150000    10.630000    -7.251113
   57.200000    10.630000     4.317775
   57.250000    10.630000    -2.280643
   57.300000    10.630000    -0.588977
   57.350000    10.630000     0.351707
   57.400000    10.630000    -0.116904
   57.450000    10.630000    -0.127104
   57.500000    10.630000     0.756648
   57.550000    10.630000     0.052649
   56.800000    10.680000     2.469790
   56.850000    10.680000    -1.423620
   56.900000    10.680000     0.122257
   56.950000    10.680000     0.226712
   57.000000    10.680000    -0.412872
   57.050000    10.680000     1.206640
   57.100000    10.680000    -2.508841
   57.150000    10.680000     1.913543
   57.200000    10.680000    -1.403174
   57.250000    10.680000     0.575847
   57.300000    10.680000     0.478723
   57.350000    10.680000    -0.685214
   57.400000    10.680000     1.232519
   57.450000    10.680000    -0.507888
   57.500000    10.680000    -0.634225
   57.550000    10.680000     0.218272
   56.800000    10.730000     1.995509
   56.850000    10.730000    -1.975024
   56.900000    10.730000     2.072025
   56.950000    10.730000    -1.730565
   57.000000    10.730000     1.855865
   57.050000    10.730000    -0.239193
   57.100000    10.730000    -2.260192
   57.150000    10.730000     1.465245
   57.200000    10.730000    -0.312477
   57.250000    10.730000     0.495112
   57.300000    10.730000    -0.581630
   57.350000    10.730000     1.026860
   57.400000    10.730000    -2.034610
   57.450000    10.730000     0.943008
   57.500000    10.730000     0.643783
   57.550000    10.730000    -0.382504
   56.800000    10.780000    -0.400409
   56.850000    10.780000     0.445608
   56.900000    10.780000    -0.605665
   56.950000    10.780000     0.337069
   57.000000    10.780000    -0.034092
   57.050000    10.780000    -0.140574
   57.100000    10.780000     0.415444
   57.150000    10.780000    -0.316349
   57.200000    10.780000     0.076206
   57.250000    10.780000    -0.362464
   57.300000    10.780000     0.837881
   57.350000    10.780000    -0.607347
   57.400000    10.780000     0.411700
   57.450000    10.780000    -0.085855
   57.500000    10.780000    -0.480976
   57.550000    10.780000     0.148437
   56.800000    10.830000     0.429188
   56.850000    10.830000    -0.236662
   56.900000    10.830000     0.120171
   56.950000    10.830000     0.280085
   57.000000    10.830000    -0.912890
   57.050000    10.830000     0.677810
   57.100000    10.830000    -0.342853
   57.150000    10.830000     0.380643
   57.200000    10.830000    -0.362951
   57.250000    10.830000     0.552321
   57.300000    10.830000    -1.053044
   57.350000    10.830000     0.391787
   57.400000    10.830000     0.561433
   57.450000    10.830000    -0.425035
   57.500000    10.830000     0.364354
   57.550000    10.830000    -0.021093
   56.800000    10.880000    -0.508191
   56.850000    10.880000     0.111148
   56.900000    10.880000     0.474702
   56.950000    10.880000    -0.355916
   57.000000    10.880000     0.203293
   57.050000    10.880000    -0.176953
   57.100000    10.880000     0.119397
   57.150000    10.880000    -0.178342
   57.200000    10.880000     0.265367
   57.250000    10.880000    -0.247598
   57.300000    10.880000     0.100576
   57.350000    10.880000    -0.435936
   57.400000    10.880000     1.053140
   57.450000    10.880000    -0.618489
   57.500000    10.880000    -0.062656
   57.550000    10.880000    -0.176125
   56.800000    10.930000     0.573737
   56.850000    10.930000     0.036722
   56.900000    10.930000    -1.040267
   56.950000    10.930000     0.576795
   57.000000    10.930000     0.062424
   57.050000    10.930000    -0.045747
   57.100000    10.930000     0.063636
   57.150000    10.930000     0.047475
   57.200000    10.930000    -0.270764
   57.250000    10.930000     0.075398
   57.300000    10.930000     0.539027
   57.350000    10.930000     0.410496
   57.400000    10.930000    -1.974340
   57.450000    10.930000     1.245509
   57.500000    10.930000    -0.189450
   57.550000    10.930000     0.354621
